Size: 1000000, Threads: 1
0.096265	0
0.096057	0
0.095698	0
0.095356	0
0.095930	0
--------------------
Size: 1000000, Threads: 2
0.051066	0
0.051471	0
0.050575	0
0.050280	0
0.050161	0
--------------------
Size: 1000000, Threads: 4
0.033934	0
0.035572	0
0.033440	0
0.032355	0
0.032174	0
--------------------
Size: 1000000, Threads: 8
0.033877	0
0.031885	0
0.039870	0
0.037080	0
0.031779	0
--------------------
Size: 1000000, Threads: 16
0.047794	0
0.050600	0
0.049496	0
0.050296	0
0.060901	0
--------------------
Size: 100000000, Threads: 1
12.059882	0
12.013187	0
11.981230	0
12.056106	0
12.031277	0
--------------------
Size: 100000000, Threads: 2
6.085750	0
6.039897	0
6.055771	0
6.091525	0
6.072589	0
--------------------
Size: 100000000, Threads: 4
3.214267	0
3.237379	0
3.345671	0
3.186650	0
3.347728	0
--------------------
Size: 100000000, Threads: 8
2.160991	0
2.084154	0
2.113649	0
2.165646	0
2.233603	0
--------------------
Size: 100000000, Threads: 16
2.416620	0
2.071934	0
2.601675	0
2.471698	0
2.329691	0
--------------------
