Exercise 4
Size: 1000000, Threads: 1
0.096265	0
0.096057	0
0.095698	0
0.095356	0
0.095930	0
--------------------
Size: 1000000, Threads: 2
0.051066	0
0.051471	0
0.050575	0
0.050280	0
0.050161	0
--------------------
Size: 1000000, Threads: 4
0.033934	0
0.035572	0
0.033440	0
0.032355	0
0.032174	0
--------------------
Size: 1000000, Threads: 8
0.033877	0
0.031885	0
0.039870	0
0.037080	0
0.031779	0
--------------------
Size: 1000000, Threads: 16
0.047794	0
0.050600	0
0.049496	0
0.050296	0
0.060901	0
--------------------
Size: 100000000, Threads: 1
12.059882	0
12.013187	0
11.981230	0
12.056106	0
12.031277	0
--------------------
Size: 100000000, Threads: 2
6.085750	0
6.039897	0
6.055771	0
6.091525	0
6.072589	0
--------------------
Size: 100000000, Threads: 4
3.214267	0
3.237379	0
3.345671	0
3.186650	0
3.347728	0
--------------------
Size: 100000000, Threads: 8
2.160991	0
2.084154	0
2.113649	0
2.165646	0
2.233603	0
--------------------
Size: 100000000, Threads: 16
2.416620	0
2.071934	0
2.601675	0
2.471698	0
2.329691	0
--------------------


Exercise5
Size: 1000000, Threads: 1, X: 5
0.093773	0
0.093891	0
0.094534	0
0.095684	0
0.095643	0
--------------------
Size: 1000000, Threads: 2, X: 5
0.050695	0
0.050260	0
0.050855	0
0.050843	0
0.050064	0
--------------------
Size: 1000000, Threads: 4, X: 5
0.034298	0
0.033242	0
0.032832	0
0.033299	0
0.033313	0
--------------------
Size: 1000000, Threads: 8, X: 5
0.034465	0
0.034777	0
0.037172	0
0.031223	0
0.035394	0
--------------------
Size: 1000000, Threads: 16, X: 5
0.045870	0
0.041572	0
0.061501	0
0.050904	0
0.056701	0
--------------------
Size: 1000000, Threads: 1, X: 100
0.094179	0
0.094603	0
0.095039	0
0.094602	0
0.095942	0
--------------------
Size: 1000000, Threads: 2, X: 100
0.050491	0
0.050293	0
0.051320	0
0.050883	0
0.050254	0
--------------------
Size: 1000000, Threads: 4, X: 100
0.031418	0
0.033294	0
0.032460	0
0.033552	0
0.030884	0
--------------------
Size: 1000000, Threads: 8, X: 100
0.038348	0
0.032549	0
0.026348	0
0.034900	0
0.038685	0
--------------------
Size: 1000000, Threads: 16, X: 100
0.053956	0
0.046726	0
0.058587	0
0.053473	0
0.049991	0
--------------------
Size: 1000000, Threads: 1, X: 1000
0.094012	0
0.094255	0
0.094577	0
0.095857	0
0.095618	0
--------------------
Size: 1000000, Threads: 2, X: 1000
0.050602	0
0.050353	0
0.050934	0
0.050279	0
0.050171	0
--------------------
Size: 1000000, Threads: 4, X: 1000
0.032595	0
0.032881	0
0.032377	0
0.032117	0
0.033442	0
--------------------
Size: 1000000, Threads: 8, X: 1000
0.041704	0
0.036729	0
0.031142	0
0.040263	0
0.032316	0
--------------------
Size: 1000000, Threads: 16, X: 1000
0.046503	0
0.052673	0
0.052970	0
0.050140	0
0.049957	0
--------------------
Size: 100000000, Threads: 1, X: 5
12.053307	0
12.062288	0
12.034234	0
11.958735	0
12.039713	0
--------------------
Size: 100000000, Threads: 2, X: 5
6.086100	0
6.100631	0
6.053671	0
6.079522	0
6.072516	0
--------------------
Size: 100000000, Threads: 4, X: 5
3.211245	0
3.311570	0
3.418857	0
3.351083	0
3.232512	0
--------------------
Size: 100000000, Threads: 8, X: 5
2.310845	0
2.208350	0
2.297284	0
2.277028	0
2.166098	0
--------------------
Size: 100000000, Threads: 16, X: 5
2.167314	0
2.465870	0
2.166051	0
2.248859	0
2.201265	0
--------------------
Size: 100000000, Threads: 1, X: 100
12.077843	0
12.022986	0
12.063954	0
11.968372	0
12.070219	0
--------------------
Size: 100000000, Threads: 2, X: 100
6.082855	0
6.043790	0
6.100628	0
6.095640	0
6.075229	0
--------------------
Size: 100000000, Threads: 4, X: 100
3.257515	0
3.417569	0
3.263925	0
3.256843	0
3.179818	0
--------------------
Size: 100000000, Threads: 8, X: 100
2.159329	0
2.095515	0
2.101283	0
2.142396	0
2.205413	0
--------------------
Size: 100000000, Threads: 16, X: 100
2.237612	0
2.398089	0
2.388445	0
2.251183	0
2.423784	0
--------------------
Size: 100000000, Threads: 1, X: 1000
11.968505	0
12.050393	0
12.052680	0
11.989177	0
12.042340	0
--------------------
Size: 100000000, Threads: 2, X: 1000
6.085349	0
6.076673	0
6.048957	0
6.090284	0
6.076212	0
--------------------
Size: 100000000, Threads: 4, X: 1000
3.180722	0
3.233758	0
3.208096	0
3.259961	0
3.182399	0
--------------------
Size: 100000000, Threads: 8, X: 1000
2.152532	0
2.064116	0
2.106914	0
2.254623	0
2.117420	0
--------------------
Size: 100000000, Threads: 16, X: 1000
2.298640	0
2.401052	0
2.547091	0
2.405189	0
2.320294	0
--------------------
